constants
jupiter
   ^self new
      x: 4.84143144246472090d0
      y: -1.16032004402742839d0
      z: -1.03622044471123109d-1
      vx: 1.66007664274403694d-3 * self daysPerYear
      vy: 7.69901118419740425d-3 * self daysPerYear
      vz: -6.90460016972063023d-5 * self daysPerYear
      mass: 9.54791938424326609d-4 * self solarMass