constants
neptune
   ^self new
      x: 1.53796971148509165d1
      y: -2.59193146099879641d1
      z: 1.79258772950371181d-1
      vx: 2.68067772490389322d-3 * self daysPerYear
      vy: 1.62824170038242295d-3 * self daysPerYear
      vz: -9.51592254519715870d-5 * self daysPerYear
      mass: 5.15138902046611451d-5 * self solarMass