constants
saturn
   ^self new
      x: 8.34336671824457987d0
      y: 4.12479856412430479d0
      z: -4.03523417114321381d-1
      vx: -2.76742510726862411d-3 * self daysPerYear
      vy: 4.99852801234917238d-3 * self daysPerYear
      vz: 2.30417297573763929d-5 * self daysPerYear
      mass: 2.85885980666130812d-4 * self solarMass